204.087481997
347.771948152
418.386949419
449.827686408
457.185712873
443.992881516
397.905196053
356.586768393
292.531527254
153.777861023
54.0291661246
96.6999869905
99.7706517423
100.089137402
101.477271887
120.592669018
290.97822124
303.274210879
264.890578113
139.716001235
204.087481997
347.771948152
418.386949419
449.827686408
457.185712873
443.992881516
397.905196053
356.586768393
292.531527254
153.777861023
54.0291661246
96.6999869905
99.7706517423
100.089137402
101.477271887
120.592669018
290.97822124
303.274210879
264.890578113
139.716001235
34.0233380574
49.6803401363
49.9936687561
50.0030976676
50.1612146246
58.0576335637
284.988760812
291.976046988
254.297463912
131.260141862
