1, 41
2, 320
2, 115
2, 392
2, 451
2, 348
2, 116
2, 770
2, 556
2, 775
2, 518
1, 467
2, 132
2, 456
2, 581
2, 667
2, 455
2, 103
2, 218
2, 260
2, 292
2, 293
2, 754
2, 537
2, 786
2, 764
2, 537
2, 372
2, 252
2, 166
2, 38
2, 179
2, 127
2, 378
2, 342
1, 228
2, 682
2, 631
2, 236
2, 548
1, 652
2, 497
2, 89
2, 463
2, 574
2, 357
2, 715
2, 573
2, 317
2, 505
2, 782
2, 650
2, 86
2, 591
2, 130
1, 707
2, 237
2, 50
1, 661
2, 562
2, 96
2, 216
2, 743
2, 746
1, 297
2, 252
2, 210
2, 588
2, 585
2, 482
2, 471
2, 33
2, 470
2, 320
2, 175
2, 238
2, 380
2, 694
2, 461
2, 654
2, 396
2, 254
2, 77
2, 160
1, 737
2, 621
2, 252
2, 283
2, 379
2, 174
2, 236
2, 253
2, 12
2, 290
2, 195
2, 66
2, 283
2, 2
2, 509
2, 369
2, 224
2, 98
2, 393
2, 367
2, 200
2, 397
2, 374
2, 758
2, 245
2, 291
2, 91
2, 755
1, 224
2, 556
1, 471
2, 262
2, 238
2, 636
2, 119
2, 158
2, 306
2, 416
2, 642
2, 788
2, 94
1, 737
2, 179
2, 195
2, 245
2, 200
1, 478
2, 222
2, 591
2, 93
2, 514
2, 745
1, 37
2, 571
2, 395
1, 571
2, 253
2, 789
2, 446
2, 63
2, 621
2, 395
2, 357
2, 619
2, 102
2, 794
2, 363
2, 428
2, 536
2, 116
2, 186
2, 3
2, 424
1, 281
2, 298
2, 59
2, 757
2, 344
1, 438
2, 775
2, 224
2, 297
2, 692
2, 43
2, 283
2, 637
2, 610
2, 393
2, 256
2, 205
2, 750
2, 490
2, 55
2, 271
2, 299
2, 254
1, 12
2, 428
2, 634
2, 715
2, 37
2, 482
2, 490
2, 511
2, 163
2, 146
2, 180
2, 546
2, 291
2, 488
2, 741
2, 391
1, 307
2, 405
2, 444
2, 49
2, 455
2, 46
2, 158
2, 73
